0 LDCad info for "Minifig Lightsaber Hilt Short Curved Light Bluish Grey - 1 Side On"
0 Author: Milan Vančura [MilanV]
0 !LICENSE Licenced under CC BY 4.0 : see CAreadme.txt

0 !LDCAD SNAP_CYL [gender=M] [caps=none] [secs=R 4 5] [center=true] [slide=true] [pos=0 21 -0.5] [ori=-1 0 0 0 -0.9961947 0.08715574 0 0.08715574 0.9961947]
0 !LDCAD SNAP_CYL [gender=M] [caps=none] [secs=R 4 5] [center=true] [slide=true] [pos=0 25.93922157 -1.23285912] [ori=-1 0 0 0 -0.99026807 0.1391731 0 0.1391731 0.99026807]
0 !LDCAD SNAP_CYL [gender=M] [caps=none] [secs=R 4 5] [center=true] [slide=true] [pos=0 30.87507116 -1.92613235] [ori=-1 0 0 0 -0.98162719 0.19080899 0 0.19080899 0.98162719]
